


% Shock received
Volt.Saline=[3.5 2.5 2.5 2.5 2.5 2.5 2.5 3.5 1.5 4 2];
Volt.ChronicFlx=[4.5 4.5 4.5 4 3.5 2];
Volt.Mdz=[2 2 9 2.5 2.5 2 1.5];

Volt.All=[3.5 2.5 2.5 2.5 2.5 2.5 2.5 3.5 1.5 4 4.5 4.5 4.5 4 3.5 2 2 9 2.5 2.5 2 1.5 2 2];







