%% Path for Audiodream Experiment : 
% Projet by Alexane Fauveau

% HabJ5 240411
m=1;
SleepInfo.path{m}{1}='/media/gruffalo/DataMOBS198/Piezo/1563_1562_HabJ5_240411/1562_BaselineSleep5_240411/';
SleepInfo.path{m}{2}='/media/gruffalo/DataMOBS198/Piezo/1563_1562_HabJ5_240411/1563_BaselineSleep5_240411/';

p=1;
PiezoInfo.path{p}{1}='/media/gruffalo/DataMOBS198/Piezo/1563_1562_HabJ5_240411/1563_1562_HabJ5_Piezo/';

% HabJ6 240412
m=2;
SleepInfo.path{m}{1}='/media/gruffalo/DataMOBS198/Piezo/1563_1562_HabJ6_240412_240412_103129/1562_BaselineSleep6_240412/'; 
SleepInfo.path{m}{2}='/media/gruffalo/DataMOBS198/Piezo/1563_1562_HabJ6_240412_240412_103129/1563_BaselineSleep6_240412/';

p=2;
PiezoInfo.path{p}{1}='/media/gruffalo/DataMOBS198/Piezo/1563_1562_HabJ6_240412_240412_103129/1563_1562_HabJ6_Piezo/';

% HabJ8 240416
m=3;
SleepInfo.path{m}{1}='/media/gruffalo/DataMOBS198/Piezo/1563_1562_HabJ8_240416_104716/1562_BaselineSleep8_240416/'; 
SleepInfo.path{m}{2}='/media/gruffalo/DataMOBS198/Piezo/1563_1562_HabJ8_240416_104716/1563_BaselineSleep8_240416/'; 

p=3;
PiezoInfo.path{p}{1}='/media/gruffalo/DataMOBS198/Piezo/1563_1562_HabJ8_240416_104716/1563_1562_HabJ8_Piezo/';